$SPEC_ID:
profile
$SPEC_REM:
DET# 1
DETDESC# SFB806F2XFR digiBASE-RH SN 15121444
AP# GammaVision Version 6.07
$DATE_MEA:
11/28/2016 16:48:32
$MEAS_TIM:
259200 259202
$DATA:
0 1023
       0
       0
       0
       0
       0
       0
       0
       0
       0
       0
      28
    1818
    4367
    4305
    3810
    3277
    3295
    3399
    3342
    3170
    3015
    3128
    3279
    3358
    3325
    3163
    3109
    3300
    3471
    3430
    3286
    3111
    2955
    3008
    2902
    2766
    2718
    2477
    2412
    2393
    2294
    2231
    2259
    2220
    2225
    2065
    2141
    2124
    2247
    2057
    2207
    2114
    2162
    2084
    2070
    1990
    2007
    1903
    1986
    1973
    1859
    1885
    1903
    1820
    1823
    1867
    1848
    1992
    1841
    1842
    1801
    1783
    1707
    1779
    1755
    1729
    1643
    1717
    1635
    1710
    1733
    1713
    1700
    1740
    1733
    1713
    1744
    1676
    1556
    1611
    1527
    1457
    1410
    1491
    1420
    1489
    1487
    1425
    1456
    1394
    1370
    1445
    1408
    1372
    1395
    1345
    1325
    1259
    1249
    1262
    1281
    1283
    1280
    1199
    1227
    1240
    1197
    1216
    1192
    1287
    1184
    1248
    1202
    1173
    1174
    1173
    1190
    1092
    1083
    1046
    1115
    1073
    1003
     972
     966
     984
     992
    1010
     970
    1045
     988
     989
    1022
     967
    1006
     979
     983
     960
     923
     990
     944
     928
     967
     899
     896
     923
     954
     847
     898
     922
     888
     862
     887
     945
     931
     916
     943
     980
     991
    1011
    1043
    1081
    1109
    1104
    1172
    1075
    1140
     976
     979
     928
     910
     826
     836
     751
     776
     774
     738
     761
     717
     721
     732
     719
     696
     732
     743
     727
     725
     686
     691
     709
     698
     695
     729
     765
     700
     671
     701
     671
     697
     706
     659
     676
     607
     653
     608
     617
     605
     631
     542
     532
     625
     582
     589
     529
     599
     554
     531
     552
     548
     517
     503
     559
     507
     564
     537
     479
     509
     459
     482
     505
     498
     483
     507
     458
     467
     461
     463
     497
     465
     462
     477
     448
     468
     468
     479
     463
     427
     446
     429
     417
     409
     442
     467
     423
     431
     429
     416
     388
     424
     412
     397
     369
     408
     385
     354
     399
     390
     359
     396
     354
     392
     389
     411
     377
     320
     373
     336
     386
     381
     365
     369
     370
     357
     325
     359
     373
     342
     354
     351
     354
     368
     367
     323
     343
     335
     361
     342
     355
     356
     358
     369
     359
     323
     321
     347
     328
     332
     365
     347
     379
     395
     352
     362
     317
     342
     340
     323
     312
     303
     337
     303
     322
     309
     348
     333
     340
     344
     315
     342
     309
     311
     328
     340
     318
     344
     316
     367
     333
     315
     305
     326
     345
     333
     332
     360
     345
     311
     355
     341
     347
     347
     330
     344
     382
     324
     332
     355
     382
     383
     380
     357
     346
     380
     350
     351
     334
     335
     332
     381
     324
     343
     352
     353
     327
     321
     314
     329
     331
     288
     326
     312
     297
     312
     282
     277
     281
     242
     250
     258
     224
     234
     227
     224
     205
     211
     186
     212
     204
     195
     173
     187
     155
     169
     145
     166
     154
     154
     153
     123
     147
     142
     122
     133
     105
     132
     117
     123
     101
     110
      96
     102
     113
      96
     101
     122
     123
      94
     125
     116
     109
     122
     120
     121
     120
     142
     129
     174
     163
     198
     234
     213
     263
     296
     332
     376
     404
     445
     466
     520
     540
     617
     653
     671
     769
     781
     780
     801
     859
     869
     866
     866
     805
     780
     791
     712
     690
     654
     582
     580
     465
     465
     426
     383
     353
     288
     248
     242
     172
     187
     170
     166
     143
      94
     101
     103
      69
      83
      79
      80
      68
      68
      63
      69
      64
      78
      75
      72
      66
      67
      67
      68
      63
      46
      68
      70
      57
      61
      67
      62
      69
      52
      53
      66
      64
      52
      69
      52
      50
      68
      60
      59
      62
      53
      55
      53
      66
      54
      52
      51
      44
      53
      49
      60
      47
      55
      54
      56
      67
      66
      58
      46
      53
      53
      67
      50
      42
      60
      49
      62
      57
      41
      59
      46
      44
      45
      52
      54
      59
      46
      55
      47
      44
      53
      51
      54
      56
      44
      44
      45
      52
      51
      48
      37
      53
      55
      39
      36
      40
      54
      52
      47
      36
      57
      49
      53
      43
      52
      44
      35
      52
      49
      63
      28
      40
      38
      34
      44
      53
      55
      42
      55
      45
      29
      38
      45
      59
      39
      48
      56
      43
      38
      38
      31
      30
      40
      46
      38
      41
      43
      47
      33
      32
      44
      34
      39
      37
      49
      41
      37
      31
      49
      42
      32
      36
      33
      38
      37
      35
      23
      41
      34
      44
      56
      26
      33
      49
      40
      41
      36
      33
      26
      42
      31
      42
      26
      46
      36
      40
      28
      43
      40
      38
      33
      43
      47
      44
      29
      39
      36
      49
      32
      27
      30
      32
      26
      29
      49
      47
      35
      39
      32
      21
      38
      33
      39
      48
      21
      37
      26
      42
      40
      39
      46
      24
      37
      32
      36
      31
      37
      41
      39
      36
      35
      31
      32
      32
      25
      39
      43
      40
      30
      37
      25
      32
      26
      30
      25
      27
      42
      32
      31
      39
      43
      33
      32
      27
      32
      38
      30
      35
      25
      29
      37
      42
      29
      25
      30
      30
      27
      34
      25
      26
      23
      24
      31
      35
      42
      38
      28
      31
      34
      36
      34
      36
      27
      24
      24
      35
      26
      34
      33
      29
      32
      28
      36
      34
      31
      28
      32
      27
      28
      37
      29
      25
      22
      24
      21
      27
      39
      39
      24
      36
      26
      26
      34
      37
      30
      30
      27
      35
      31
      35
      32
      34
      33
      32
      27
      40
      32
      37
      36
      45
      35
      38
      33
      29
      25
      28
      35
      34
      32
      35
      28
      32
      24
      29
      31
      26
      32
      31
      39
      24
      39
      29
      29
      24
      28
      30
      25
      22
      21
      29
      18
      23
      24
      36
      29
      22
      25
      25
      26
      29
      30
      35
      25
      21
      25
      29
      31
      25
      20
      34
      29
      31
      29
      32
      19
      17
      33
      34
      30
      14
      25
      24
      27
      29
      24
      33
      24
      23
      21
      28
      27
      27
      22
      29
      20
      23
      20
      26
      29
      21
      27
      29
      29
      23
      22
      27
      29
      28
      23
      36
      27
      20
      25
      24
      25
      26
      22
      18
      20
      32
      22
      24
      33
      26
      23
      29
      26
      28
      28
      32
      26
      25
      21
      32
      23
      18
      19
      27
      25
      28
      23
      29
      25
      22
      28
      21
      26
      23
      30
      29
      29
      25
      33
      27
      24
      23
      18
      26
      27
      20
      26
      32
      29
      32
      40
      22
      35
      32
      26
      22
      29
      28
      27
      28
      19
      23
      32
      31
      35
      17
      31
      20
      21
      25
      27
      37
      32
      27
      24
      30
      20
      26
      31
      27
      21
      33
      28
      28
      25
      23
      32
      22
      28
      24
      24
      21
      21
      20
      28
      27
      29
      28
      28
      38
      24
      20
      26
      15
      33
      21
      18
      29
      23
      28
      25
      30
      23
      32
      22
      25
      27
      12
$ROI:
1
440 495
$PRESETS:
Live Time
259200
0
$ENER_FIT:
-12.890894 3.148094
$MCA_CAL:
3
-1.289089E+001 3.148094E+000 0.000000E+000 keV
$SHAPE_CAL:
3
2.463906E+000 3.814585E-002 0.000000E+000
