$SPEC_ID:
profile
$SPEC_REM:
DET# 1
DETDESC# SFB806F2XFR digiBASE-RH SN 15121444
AP# GammaVision Version 6.07
$DATE_MEA:
04/26/2017 12:04:52
$MEAS_TIM:
10000 10014
$DATA:
0 1023
       0
       0
       0
       0
       0
       0
       0
       0
       0
       0
      54
    5257
   13830
   15651
   15647
   16287
   17589
   19584
   22448
   25628
   29245
   33449
   38037
   42036
   46364
   49812
   53532
   56219
   60111
   62501
   62677
   60661
   60984
   61062
   59112
   57802
   56357
   54475
   53091
   52433
   51283
   50046
   49295
   47604
   47245
   46379
   45112
   44084
   42881
   41579
   40392
   39321
   38153
   36892
   35946
   34839
   34476
   33083
   32243
   31569
   30233
   29724
   28952
   27844
   27441
   26557
   26037
   25589
   24748
   24429
   23560
   22974
   22344
   22035
   21439
   20797
   20441
   19959
   19431
   19277
   19292
   19302
   19601
   19733
   19829
   19566
   18773
   18053
   16945
   15754
   14845
   14149
   13329
   12898
   12280
   11979
   11765
   11533
   11171
   11304
   10983
   11105
   11096
   10842
   10600
   10083
    9807
    9426
    9037
    8702
    8528
    8203
    8151
    8124
    7996
    7816
    7846
    7962
    8143
    7976
    7918
    7848
    7707
    7585
    7451
    7124
    6686
    6352
    6082
    5748
    5524
    5240
    4981
    4805
    4778
    4689
    4685
    4594
    4429
    4275
    4321
    4313
    4218
    4083
    4018
    3989
    3977
    3940
    3894
    3809
    3701
    3671
    3544
    3596
    3598
    3564
    3492
    3499
    3372
    3564
    3307
    3302
    3232
    3265
    3184
    3070
    3042
    3103
    2934
    3161
    3027
    3005
    3035
    3092
    3024
    3052
    2996
    3016
    2817
    2880
    2862
    2703
    2794
    2671
    2609
    2490
    2465
    2535
    2422
    2516
    2589
    2577
    2589
    2665
    2737
    2824
    2855
    2918
    3101
    3038
    3122
    3097
    3207
    3131
    3228
    3188
    3066
    3063
    2958
    2882
    2787
    2610
    2487
    2348
    2310
    2102
    2086
    1919
    1822
    1822
    1717
    1682
    1654
    1595
    1655
    1550
    1544
    1529
    1509
    1538
    1492
    1501
    1460
    1501
    1512
    1522
    1429
    1471
    1471
    1509
    1422
    1476
    1485
    1469
    1429
    1489
    1503
    1430
    1431
    1379
    1461
    1364
    1406
    1363
    1408
    1387
    1353
    1392
    1373
    1346
    1376
    1357
    1331
    1309
    1335
    1279
    1246
    1246
    1341
    1268
    1283
    1178
    1268
    1159
    1193
    1145
    1134
    1157
    1165
    1166
    1115
    1080
    1153
    1098
    1074
    1099
    1129
    1061
    1176
    1121
    1110
    1107
    1170
    1116
    1176
    1181
    1150
    1154
    1197
    1253
    1316
    1241
    1289
    1315
    1273
    1306
    1330
    1337
    1343
    1280
    1253
    1313
    1235
    1217
    1211
    1218
    1255
    1141
    1160
    1137
    1191
    1202
    1232
    1171
    1135
    1162
    1076
    1068
    1064
    1025
     989
     987
     915
     900
     906
     868
     894
     814
     793
     805
     774
     813
     773
     769
     745
     744
     770
     788
     732
     784
     703
     708
     754
     760
     761
     801
     739
     803
     805
     792
     769
     840
     860
     836
     811
     890
     826
     918
     877
     840
     888
     930
     919
     922
     906
     897
     839
     815
     852
     884
     823
     782
     795
     840
     746
     712
     744
     699
     775
     711
     676
     715
     702
     703
     692
     628
     678
     650
     645
     677
     644
     636
     606
     603
     583
     551
     539
     556
     547
     529
     548
     565
     552
     517
     512
     478
     436
     498
     451
     459
     446
     416
     456
     374
     430
     388
     402
     362
     372
     360
     349
     361
     351
     337
     375
     334
     326
     347
     367
     300
     346
     337
     337
     336
     376
     336
     341
     359
     332
     374
     357
     366
     367
     409
     431
     404
     426
     486
     537
     531
     603
     600
     652
     776
     787
     903
     962
    1062
    1036
    1193
    1196
    1282
    1395
    1419
    1472
    1426
    1470
    1538
    1436
    1395
    1395
    1358
    1225
    1187
    1089
    1031
     893
     842
     753
     691
     611
     598
     528
     457
     429
     377
     340
     309
     305
     278
     248
     249
     249
     191
     263
     248
     243
     239
     244
     209
     238
     245
     220
     238
     262
     231
     199
     249
     238
     212
     213
     205
     229
     214
     223
     202
     199
     162
     200
     163
     173
     162
     176
     173
     160
     153
     167
     154
     153
     166
     150
     125
     174
     160
     151
     144
     140
     159
     148
     128
     131
     153
     165
     164
     179
     153
     186
     179
     183
     169
     208
     184
     199
     214
     217
     205
     221
     238
     232
     227
     220
     220
     230
     192
     186
     173
     199
     186
     190
     182
     145
     139
     145
     143
     135
     143
     129
     116
     130
     117
     131
     118
     110
     139
     122
     126
     132
     118
     102
     109
     118
     111
     105
     110
     105
     101
     120
     100
      96
     132
      94
     101
     102
     112
      92
     101
      95
      86
     101
     113
      99
      92
      87
      97
      98
     113
      90
      95
      85
      78
      91
      91
      88
      93
      92
      82
      82
      78
      80
      94
      81
      83
      95
      93
      82
      81
      75
      93
      77
      72
      89
      86
      85
      76
      98
      83
      95
      87
      92
     107
     109
     100
     103
     120
     114
     109
     129
     122
     123
     131
     137
     161
     143
     154
     134
     132
     140
     131
     145
     156
     132
     152
     135
     142
     138
     132
     123
     136
     136
     125
     139
     123
     136
     130
     127
     133
     110
     112
     128
     108
     129
     119
     109
     116
     113
     115
     114
     111
     109
     121
      98
      91
     106
     107
      99
     120
     103
      84
     104
     114
      98
      89
     121
     117
      88
      96
      83
      89
      73
     119
      72
      81
     101
      97
      93
      86
      96
      72
      75
      92
      78
      67
      72
      65
      70
      54
      87
      64
      60
      62
      61
      56
      38
      57
      59
      48
      48
      41
      59
      60
      56
      48
      43
      53
      49
      36
      32
      43
      40
      35
      41
      33
      41
      50
      42
      33
      28
      37
      32
      26
      22
      29
      26
      23
      44
      34
      27
      22
      23
      25
      19
      41
      28
      33
      29
      31
      39
      47
      50
      49
      61
      45
      69
      87
      73
      80
     103
     117
     117
     128
     132
     135
     146
     167
     172
     160
     184
     171
     176
     168
     172
     164
     177
     203
     161
     170
     179
     138
     169
     157
     114
     115
     106
      92
      87
      80
      86
     103
      77
      68
      40
      53
      43
      40
      35
      31
      32
      34
      25
      14
      17
      15
      10
      16
       5
      12
       5
       5
       5
       7
       6
       5
       9
       4
       5
       4
       6
       6
       5
       4
       2
       2
       1
       5
       1
       5
       1
       3
       1
       5
       1
       6
       2
       1
       3
       5
       3
       2
       6
       4
       2
       1
       2
       2
       2
       0
       1
       2
       1
       2
       3
       2
       4
       3
       1
       2
       1
       5
       3
       2
       3
       1
       3
       3
       1
       3
       1
       5
       0
       1
       0
       2
       0
       0
       5
       3
       2
       2
       1
       2
       4
       0
       3
       0
       1
       4
       6
       0
       1
       1
       0
       1
       2
       1
       0
       0
       3
       2
       2
       0
       1
       5
       2
       1
       4
       2
       1
       1
       1
       0
       0
       1
       1
       0
       1
       2
       1
       1
       3
       2
       1
       1
       0
       1
       1
       1
       0
       3
       0
       2
       3
       1
       1
       1
       4
       0
       2
       2
       1
       3
       2
       1
       1
       0
       1
       2
       2
       2
       0
       2
       0
       0
       2
       0
       1
       5
       3
       0
       3
       1
       0
       0
       2
       1
       3
       2
       3
       2
       1
       0
       0
       0
       0
       0
$ROI:
2
16 27
450 499
$PRESETS:
Live Time
10000
0
$ENER_FIT:
-9.982841 3.094595
$MCA_CAL:
3
-9.982841E+000 3.094595E+000 0.000000E+000 keV
$SHAPE_CAL:
3
6.596577E+001 -9.534992E-002 0.000000E+000
