$SPEC_ID:
profile
$SPEC_REM:
DET# 1
DETDESC# SFB806F2XFR digiBASE-RH SN 15121444
AP# GammaVision Version 6.07
$DATE_MEA:
05/18/2016 11:55:14
$MEAS_TIM:
3600 3602
$DATA:
0 1023
       0
       0
       0
       0
       0
       0
       0
       0
       0
       0
      13
    1286
    3125
    3377
    3382
    3471
    3878
    4336
    4901
    5699
    6395
    7266
    8343
    9095
    9926
   10468
   11271
   11950
   12341
   12519
   12423
   12201
   12199
   12087
   11864
   11593
   11353
   11141
   10750
   10413
   10541
   10349
    9985
    9835
    9651
    9311
    9064
    8886
    8820
    8427
    8018
    7951
    7734
    7592
    7259
    7083
    6760
    6636
    6594
    6233
    6071
    5822
    5650
    5642
    5597
    5310
    5271
    5079
    5003
    4720
    4797
    4659
    4568
    4278
    4353
    4239
    4137
    4099
    4062
    4147
    4207
    4150
    4137
    4077
    3993
    3834
    3595
    3391
    3145
    3005
    2952
    2805
    2619
    2654
    2580
    2556
    2477
    2514
    2449
    2498
    2317
    2304
    2264
    2173
    2112
    1967
    1944
    1902
    1840
    1801
    1750
    1699
    1694
    1732
    1658
    1697
    1712
    1664
    1726
    1683
    1650
    1596
    1534
    1423
    1429
    1337
    1252
    1197
    1207
    1113
    1071
    1091
    1069
    1125
    1035
    1043
     966
    1007
     946
     952
     966
     962
     910
     918
     934
     878
     905
     871
     888
     835
     863
     837
     804
     909
     800
     759
     717
     721
     727
     778
     753
     730
     681
     691
     692
     702
     686
     725
     650
     700
     704
     677
     687
     660
     617
     689
     643
     653
     622
     616
     606
     569
     567
     584
     567
     584
     622
     595
     597
     603
     641
     627
     641
     647
     612
     669
     643
     703
     706
     679
     674
     649
     592
     621
     584
     594
     561
     549
     537
     507
     445
     475
     413
     461
     429
     438
     415
     419
     393
     412
     427
     355
     362
     395
     366
     388
     395
     371
     352
     326
     342
     345
     376
     336
     356
     395
     369
     378
     358
     358
     358
     341
     353
     367
     340
     368
     344
     320
     356
     330
     334
     318
     329
     344
     372
     338
     351
     341
     292
     291
     312
     330
     293
     288
     317
     293
     311
     325
     301
     269
     296
     297
     280
     272
     288
     293
     279
     284
     283
     271
     285
     266
     268
     289
     284
     298
     290
     294
     261
     297
     275
     305
     310
     300
     317
     309
     327
     297
     321
     318
     297
     314
     307
     321
     287
     333
     319
     310
     283
     286
     296
     288
     306
     282
     294
     307
     262
     292
     259
     252
     261
     282
     246
     252
     282
     269
     261
     222
     208
     212
     223
     216
     203
     213
     241
     254
     211
     221
     209
     196
     206
     221
     222
     227
     223
     207
     207
     225
     218
     190
     228
     214
     240
     208
     236
     220
     245
     245
     231
     246
     236
     236
     240
     250
     226
     237
     218
     213
     237
     233
     193
     249
     240
     214
     209
     221
     203
     207
     220
     217
     213
     208
     218
     199
     210
     178
     164
     178
     168
     172
     175
     180
     173
     170
     142
     145
     173
     162
     154
     154
     152
     138
     143
     125
     135
     137
     118
     127
     103
     128
     122
     110
     100
     110
     107
      85
      96
      88
      89
     106
      89
      75
      77
      84
      89
      83
      78
      88
      84
      72
      99
      92
      81
      83
      84
      81
     115
      70
      86
      87
      86
      86
     114
     112
     103
     112
     156
     150
     162
     204
     197
     217
     224
     255
     286
     296
     349
     389
     409
     431
     444
     477
     449
     492
     504
     496
     532
     450
     479
     460
     420
     379
     348
     298
     329
     259
     192
     225
     169
     181
     141
     122
     104
      62
      85
      63
      60
      63
      56
      51
      54
      45
      36
      43
      39
      37
      41
      40
      48
      42
      38
      38
      34
      46
      42
      38
      28
      33
      42
      41
      37
      44
      37
      40
      27
      29
      31
      26
      42
      22
      38
      32
      25
      34
      30
      26
      29
      19
      20
      29
      31
      21
      21
      29
      27
      28
      28
      29
      27
      32
      25
      40
      33
      30
      29
      37
      32
      25
      30
      27
      41
      53
      46
      38
      33
      30
      37
      42
      37
      47
      37
      29
      26
      30
      37
      26
      26
      26
      21
      32
      24
      22
      22
      24
      23
      20
      14
      28
      25
      16
      29
      24
      19
      24
      19
      19
      20
      18
      18
      14
      21
      26
      23
      21
      24
      14
      20
      16
      12
      14
      16
      23
      19
      23
      24
      21
      28
      15
      12
      16
      20
      10
      19
      16
      18
      30
      12
      20
      12
      16
      13
      11
      13
      13
      18
      16
      15
      18
      18
      22
      20
      15
      16
      13
      13
      17
      22
      17
      11
      30
      16
      12
      26
      16
      18
      22
      22
      20
      15
      30
      21
      23
      23
      19
      30
      23
      21
      22
      29
      24
      22
      28
      20
      27
      20
      21
      16
      20
      22
      18
      19
      23
      20
      25
      19
      29
      13
      20
      25
      21
      25
      19
      18
      15
      18
      19
      22
      21
      16
      14
      17
      12
       8
      21
      20
      15
      22
      16
      20
      17
      27
      13
      17
      23
      17
      21
      21
      15
      11
      20
      15
      19
      20
      10
      13
      22
      20
      26
      16
      15
      18
      12
      14
      13
      20
      10
       9
      12
       9
      13
      14
       9
      15
       9
      12
       8
      11
      11
       7
       6
       7
      18
       7
       7
       6
       9
       6
       7
       7
      14
       7
       7
       9
       7
       7
       3
       4
       7
       9
       3
       7
       8
       6
       7
       7
       6
       5
       3
      10
       5
       3
       3
       6
       5
      10
       4
       4
       7
      10
       9
       9
      15
      15
      11
      18
      14
      20
      31
      25
      25
      17
      28
      23
      26
      35
      25
      35
      30
      29
      34
      27
      31
      35
      40
      29
      35
      31
      25
      21
      24
      15
      16
      10
      18
      16
       6
      13
      16
       8
       5
       4
      10
       7
       4
       6
       3
       6
       2
       6
       2
       6
       1
       4
       1
       3
       2
       3
       1
       2
       2
       1
       3
       1
       0
       1
       1
       0
       0
       2
       0
       0
       1
       1
       0
       3
       1
       0
       3
       0
       2
       1
       1
       1
       0
       4
       2
       5
       0
       3
       0
       0
       0
       0
       1
       0
       0
       1
       0
       1
       0
       1
       1
       1
       0
       2
       1
       1
       2
       2
       0
       1
       0
       0
       0
       1
       0
       1
       1
       2
       1
       0
       0
       3
       1
       0
       1
       0
       1
       0
       0
       1
       1
       0
       0
       1
       1
       0
       1
       0
       0
       1
       0
       3
       2
       1
       2
       0
       1
       0
       0
       1
       1
       0
       0
       0
       0
       0
       3
       1
       0
       0
       0
       1
       0
       0
       0
       1
       2
       1
       1
       0
       0
       1
       0
       0
       1
       0
       1
       0
       0
       1
       0
       3
       0
       0
       1
       1
       0
       2
       0
       0
       0
       0
       1
       1
       1
       1
       1
       2
       0
       0
       0
       2
       0
       0
       0
       0
       1
       0
       1
       1
       1
       1
       2
       1
       1
       0
       0
       0
       0
       0
       0
       1
       0
       0
       0
       0
       1
       1
       0
       0
       0
       1
       0
       2
       1
       1
       1
       1
       0
       2
       2
       1
       0
$ROI:
2
16 27
447 488
$PRESETS:
Live Time
3600
0
$ENER_FIT:
-11.426213 3.169478
$MCA_CAL:
3
-1.142621E+001 3.169478E+000 0.000000E+000 keV
$SHAPE_CAL:
3
8.996625E+000 2.588119E-002 0.000000E+000