$SPEC_ID:
profile
$SPEC_REM:
DET# 1
DETDESC# SFB806F2XFR digiBASE-RH SN 15121444
AP# GammaVision Version 6.07
$DATE_MEA:
05/18/2016 15:35:08
$MEAS_TIM:
2700 2702
$DATA:
0 1023
       0
       0
       0
       0
       0
       0
       0
       0
       0
       0
      12
    1216
    2900
    3273
    3177
    3314
    3623
    4070
    4615
    5036
    5652
    6685
    7364
    8225
    9036
    9685
   10586
   11057
   11700
   11912
   11846
   11544
   11607
   11591
   11225
   10796
   10534
   10480
   10304
   10119
    9959
    9486
    9299
    9443
    8941
    8957
    8583
    8530
    8256
    8003
    7889
    7781
    7359
    7169
    6989
    6824
    6587
    6310
    6250
    5940
    5858
    5811
    5621
    5367
    5334
    5297
    5132
    5026
    4719
    4710
    4638
    4435
    4389
    4341
    4138
    4054
    3873
    3959
    3916
    3979
    3908
    4012
    4235
    4094
    3975
    3823
    3619
    3318
    3179
    3021
    2872
    2711
    2503
    2560
    2441
    2470
    2357
    2363
    2292
    2242
    2317
    2148
    2067
    2038
    1992
    1935
    1924
    1838
    1712
    1753
    1715
    1641
    1613
    1655
    1598
    1717
    1667
    1564
    1611
    1604
    1601
    1531
    1508
    1315
    1343
    1234
    1235
    1182
    1081
    1130
    1027
    1075
    1016
    1025
     926
     952
     879
     946
     938
     916
     853
     909
     878
     875
     871
     816
     770
     804
     803
     800
     778
     788
     734
     763
     795
     711
     708
     772
     710
     738
     675
     652
     668
     693
     664
     651
     662
     700
     676
     697
     627
     600
     641
     618
     646
     624
     630
     589
     581
     552
     558
     558
     573
     543
     516
     482
     548
     539
     579
     579
     552
     634
     584
     631
     652
     587
     640
     672
     695
     644
     648
     666
     589
     635
     571
     606
     604
     528
     499
     496
     487
     503
     438
     434
     395
     422
     393
     361
     354
     349
     358
     344
     381
     396
     352
     343
     320
     361
     332
     354
     316
     329
     358
     337
     321
     314
     312
     308
     319
     315
     337
     319
     320
     326
     330
     335
     315
     325
     363
     273
     306
     306
     328
     279
     306
     307
     291
     298
     326
     285
     290
     300
     298
     289
     284
     301
     281
     266
     271
     235
     247
     264
     261
     274
     270
     246
     244
     278
     248
     252
     256
     249
     237
     253
     270
     267
     236
     265
     251
     254
     290
     266
     274
     291
     258
     286
     271
     306
     288
     294
     301
     332
     303
     258
     297
     325
     308
     305
     282
     282
     279
     287
     284
     261
     265
     271
     242
     256
     247
     256
     256
     265
     252
     220
     223
     200
     204
     198
     188
     220
     191
     199
     176
     178
     203
     169
     216
     172
     192
     186
     188
     173
     193
     180
     165
     188
     171
     190
     198
     197
     206
     202
     199
     193
     198
     174
     201
     213
     204
     205
     199
     205
     206
     228
     211
     195
     195
     202
     189
     197
     205
     197
     201
     192
     187
     178
     183
     188
     184
     176
     180
     176
     184
     173
     191
     178
     154
     161
     163
     156
     156
     193
     153
     143
     147
     149
     144
     124
     138
     143
     131
     117
     119
     134
     111
     119
      96
     118
     112
     109
     103
     112
     103
      99
     104
      88
      95
      94
      89
      88
      84
      92
      98
      89
      79
      94
      72
      74
      85
      80
      66
      57
      75
      64
      73
      70
      70
      80
      59
      68
      95
      73
      99
      73
      88
      90
      86
     109
     102
     102
     110
     140
     149
     149
     190
     204
     199
     225
     244
     279
     325
     321
     362
     376
     391
     437
     403
     402
     431
     410
     380
     366
     346
     285
     297
     295
     271
     220
     200
     198
     170
     167
     125
     124
     119
     101
      90
      71
      64
      66
      40
      61
      54
      57
      39
      40
      38
      50
      34
      46
      42
      46
      55
      33
      45
      46
      40
      39
      48
      41
      37
      37
      30
      32
      31
      27
      41
      24
      33
      28
      38
      31
      25
      32
      38
      27
      30
      25
      25
      23
      29
      30
      34
      21
      22
      17
      17
      32
      30
      26
      29
      23
      31
      38
      29
      21
      35
      46
      30
      28
      37
      27
      42
      31
      35
      46
      39
      44
      54
      45
      50
      41
      43
      33
      28
      25
      29
      32
      31
      29
      42
      27
      38
      29
      24
      15
      21
      32
      29
      18
      24
      28
      27
      19
      20
      26
      15
      19
      29
      15
      16
      20
      27
      19
      17
      22
      22
      16
      18
      16
      14
      20
      12
      14
      25
      28
      23
      15
      21
      15
      15
      18
      15
      21
      21
      14
      17
      18
      23
      19
      14
      18
      19
      23
      16
      20
      13
      14
      16
      16
      20
      20
      22
      18
      18
      22
      16
      18
      18
      18
      18
      17
      17
      22
      17
      20
      28
      21
      28
      16
      17
      21
      33
      20
      21
      25
      37
      26
      29
      19
      25
      32
      17
      27
      34
      31
      23
      24
      26
      18
      35
      25
      25
      20
      28
      28
      25
      21
      22
      20
      24
      25
      20
      27
      15
      28
      24
      30
      21
      22
      20
      21
      23
      19
      15
      12
      20
      18
      20
      26
      16
      16
      19
      11
      14
      23
      22
      24
      11
      13
      17
      25
      17
      20
      15
       9
      19
      17
      19
      26
      15
      20
      17
      18
      19
      21
      17
      16
      13
      13
      16
       9
      13
      13
       9
      18
      23
      14
      12
      12
      11
      12
       9
      11
       8
      11
      13
      10
      15
      13
       7
      10
      11
       6
      11
       8
       6
      16
       9
       6
       3
       6
       9
       5
       7
      14
       2
       5
       4
       5
       4
       4
       6
      10
       5
      10
       8
       7
       5
       8
      11
      13
      14
      14
      12
      15
      17
      10
      26
      24
      23
      26
      26
      21
      29
      28
      40
      28
      36
      34
      28
      36
      36
      37
      40
      49
      43
      43
      52
      39
      32
      31
      28
      27
      18
      17
      22
      15
      17
      17
       9
      14
      12
      11
       9
      11
       9
      13
       6
       6
       6
       4
       7
       4
       2
       0
       5
       4
       2
       1
       0
       1
       3
       2
       1
       2
       3
       3
       1
       1
       1
       1
       2
       3
       0
       1
       2
       0
       0
       1
       1
       1
       2
       1
       1
       0
       2
       1
       2
       0
       1
       0
       0
       1
       0
       0
       1
       2
       1
       0
       1
       0
       3
       1
       1
       1
       0
       0
       3
       0
       1
       1
       0
       0
       3
       0
       1
       2
       0
       0
       0
       1
       3
       1
       1
       0
       0
       1
       1
       1
       3
       1
       0
       2
       0
       1
       0
       0
       3
       1
       1
       0
       0
       0
       0
       0
       1
       0
       0
       0
       2
       1
       1
       0
       0
       0
       0
       0
       2
       0
       0
       1
       1
       0
       2
       0
       0
       1
       1
       0
       1
       0
       0
       0
       5
       2
       1
       0
       0
       0
       1
       0
       0
       0
       0
       1
       0
       1
       0
       2
       0
       0
       0
       2
       1
       0
       1
       0
       1
       0
       0
       2
       0
       1
       1
       1
       1
       0
       0
       0
       2
       1
       0
       0
       0
       0
       0
       0
       0
       0
       0
       0
       1
       1
       0
       0
       1
       1
       0
       0
       0
       0
       1
       1
       0
       0
       3
       0
       1
       0
       0
       1
       0
       0
$ROI:
2
16 27
439 496
$PRESETS:
Live Time
2700
0
$ENER_FIT:
-11.426213 3.169478
$MCA_CAL:
3
-1.142621E+001 3.169478E+000 0.000000E+000 keV
$SHAPE_CAL:
3
8.996625E+000 2.588119E-002 0.000000E+000
