$SPEC_ID:
profile
$SPEC_REM:
DET# 1
DETDESC# SFB806F2XFR digiBASE-RH SN 15121444
AP# GammaVision Version 6.07
$DATE_MEA:
05/18/2016 12:58:57
$MEAS_TIM:
2700 2703
$DATA:
0 1023
       0
       0
       0
       0
       0
       0
       0
       0
       0
       0
      19
    1485
    3659
    3907
    3846
    3940
    4209
    4854
    5344
    6226
    6945
    8002
    9039
   10182
   10928
   11910
   13130
   13614
   14469
   15076
   14676
   14479
   14118
   14331
   13785
   13571
   13443
   13162
   12686
   12740
   12234
   12151
   11805
   11411
   11324
   11067
   10781
   10624
   10375
   10200
    9711
    9421
    9353
    9088
    8926
    8466
    8155
    8040
    7850
    7588
    7398
    7099
    7065
    6842
    6825
    6639
    6301
    6189
    6101
    5795
    5684
    5616
    5419
    5399
    5201
    5105
    4943
    5026
    4820
    4940
    5054
    5050
    5270
    5076
    5133
    4727
    4600
    4262
    4069
    3669
    3476
    3326
    3184
    3159
    2955
    2990
    3114
    2865
    2893
    2817
    2796
    2703
    2695
    2661
    2608
    2469
    2340
    2283
    2165
    2103
    2069
    1996
    2066
    2072
    2061
    2092
    2020
    2077
    2030
    1954
    1960
    1976
    1873
    1790
    1764
    1649
    1590
    1485
    1459
    1316
    1308
    1231
    1258
    1142
    1251
    1172
    1139
    1124
    1189
    1138
    1068
    1124
    1049
    1046
    1055
     951
     975
     992
     936
     965
     978
     914
     932
     953
     914
     862
     866
     903
     873
     822
     827
     868
     813
     827
     843
     880
     832
     777
     833
     813
     817
     785
     765
     811
     783
     754
     817
     780
     688
     684
     682
     654
     738
     628
     658
     633
     638
     624
     686
     696
     690
     715
     774
     745
     795
     769
     800
     780
     864
     812
     805
     830
     759
     769
     759
     799
     697
     704
     659
     651
     640
     588
     548
     503
     493
     471
     460
     488
     439
     451
     484
     444
     461
     423
     409
     410
     426
     376
     419
     433
     390
     397
     452
     368
     415
     386
     431
     423
     381
     405
     386
     383
     417
     368
     410
     373
     405
     390
     360
     412
     381
     404
     387
     389
     378
     382
     353
     367
     340
     335
     359
     359
     351
     353
     334
     309
     356
     342
     342
     316
     342
     279
     306
     298
     307
     302
     305
     303
     294
     348
     305
     285
     307
     293
     302
     330
     308
     303
     286
     306
     314
     319
     327
     337
     306
     356
     347
     375
     367
     360
     391
     344
     374
     356
     364
     361
     329
     344
     366
     305
     332
     366
     323
     333
     295
     301
     314
     308
     323
     330
     309
     337
     279
     281
     272
     245
     242
     227
     231
     225
     213
     218
     223
     219
     236
     206
     214
     189
     199
     203
     182
     189
     206
     217
     198
     186
     218
     184
     218
     238
     226
     215
     201
     218
     226
     225
     227
     238
     217
     241
     242
     239
     247
     247
     244
     238
     253
     229
     230
     225
     252
     218
     223
     245
     224
     222
     213
     237
     220
     208
     179
     196
     227
     196
     217
     226
     175
     202
     184
     198
     211
     185
     176
     175
     157
     167
     192
     168
     166
     157
     144
     167
     172
     132
     140
     126
     153
     123
     127
     128
     121
     129
     111
     105
     120
     126
     121
     101
     109
     109
      99
      90
     108
      99
      95
      92
      74
      87
      80
      94
     103
     108
      98
      96
      85
      85
      81
      85
     102
      99
     102
      88
     105
     104
      96
     101
     115
     120
     120
     116
     137
     132
     163
     179
     175
     215
     265
     240
     277
     296
     339
     331
     370
     338
     371
     430
     419
     423
     416
     429
     405
     428
     415
     392
     365
     333
     327
     303
     288
     260
     226
     189
     182
     156
     150
     126
     122
      78
      83
      83
      87
      68
      62
      58
      62
      72
      57
      56
      44
      52
      47
      63
      54
      57
      48
      63
      50
      54
      51
      61
      55
      67
      57
      51
      50
      58
      62
      44
      43
      46
      45
      47
      47
      42
      41
      35
      43
      46
      40
      44
      38
      34
      41
      43
      30
      21
      33
      37
      35
      35
      43
      42
      36
      48
      46
      43
      39
      51
      31
      39
      38
      49
      49
      52
      40
      65
      56
      44
      52
      53
      53
      67
      63
      53
      41
      40
      52
      55
      51
      42
      44
      33
      33
      39
      21
      42
      31
      37
      30
      35
      41
      27
      34
      36
      24
      31
      26
      27
      32
      32
      32
      23
      39
      24
      24
      33
      22
      22
      22
      27
      27
      30
      22
      21
      21
      20
      30
      29
      24
      21
      22
      27
      25
      24
      27
      27
      22
      24
      22
      19
      19
      22
      26
      16
      19
      19
      23
      18
      37
      21
      20
      23
      23
      26
      22
      22
      24
      20
      22
      29
      21
      24
      27
      21
      25
      32
      18
      24
      23
      33
      29
      42
      33
      22
      46
      37
      24
      34
      25
      44
      41
      36
      28
      46
      29
      34
      31
      27
      38
      46
      37
      38
      33
      31
      31
      32
      37
      32
      36
      44
      28
      29
      37
      29
      40
      42
      32
      27
      26
      28
      29
      31
      27
      29
      28
      41
      26
      26
      30
      30
      18
      27
      24
      30
      31
      31
      34
      30
      24
      26
      24
      27
      26
      25
      22
      23
      26
      20
      20
      26
      26
      20
      13
      31
      17
      28
      23
      24
      14
      16
      26
      20
      13
      18
      19
      16
      15
      10
      14
      18
       8
       8
      22
       7
      14
      10
      10
      17
      14
      11
      14
      12
       9
       6
       4
      16
      11
      18
       9
       7
      11
       9
       7
      12
       5
      11
       9
       9
       4
       6
       8
       4
      10
       8
       9
       8
       6
       7
       8
      10
      16
      10
      12
      13
      20
      15
      20
      25
      21
      16
      20
      25
      29
      37
      27
      35
      38
      43
      42
      44
      44
      43
      46
      49
      48
      56
      49
      46
      42
      53
      41
      40
      43
      39
      48
      32
      34
      34
      25
      24
      20
      24
      19
      18
      20
      15
      15
      18
      14
      13
       9
       8
       5
       3
       3
       8
       5
       8
       4
       3
       4
       2
       5
       3
       1
       3
       2
       1
       1
       2
       2
       2
       2
       1
       1
       2
       1
       0
       2
       1
       1
       1
       1
       3
       2
       0
       2
       2
       1
       2
       0
       2
       0
       1
       1
       0
       2
       3
       0
       0
       1
       4
       1
       3
       1
       0
       0
       1
       1
       1
       0
       0
       0
       2
       1
       0
       1
       1
       1
       2
       3
       2
       0
       1
       2
       0
       1
       3
       2
       0
       0
       0
       0
       1
       2
       1
       2
       0
       1
       1
       0
       2
       0
       0
       0
       0
       0
       0
       2
       1
       0
       0
       2
       0
       0
       1
       0
       0
       1
       1
       1
       0
       0
       1
       0
       1
       0
       1
       0
       0
       0
       0
       2
       0
       1
       2
       1
       0
       0
       0
       0
       1
       0
       0
       0
       0
       1
       1
       2
       0
       2
       0
       0
       1
       0
       1
       0
       0
       1
       0
       3
       1
       0
       0
       2
       0
       3
       0
       1
       1
       0
       0
       0
       1
       0
       0
       1
       0
       0
       1
       2
       0
       1
       0
       0
       1
       0
       1
       0
       3
       0
       0
       0
       1
       1
       1
       0
       0
       1
       1
       0
       1
       1
       0
$ROI:
2
16 27
441 494
$PRESETS:
Live Time
2700
0
$ENER_FIT:
-11.426213 3.169478
$MCA_CAL:
3
-1.142621E+001 3.169478E+000 0.000000E+000 keV
$SHAPE_CAL:
3
8.996625E+000 2.588119E-002 0.000000E+000
