$SPEC_ID:
profile
$SPEC_REM:
DET# 1
DETDESC# SFB806F2XFR digiBASE-RH SN 15121444
AP# GammaVision Version 6.07
$DATE_MEA:
05/18/2016 14:38:01
$MEAS_TIM:
2700 2702
$DATA:
0 1023
       0
       0
       0
       0
       0
       0
       0
       0
       0
       0
      19
     954
    2279
    2493
    2513
    2578
    2835
    3188
    3618
    3893
    4682
    5385
    5809
    6721
    7212
    7837
    8059
    8540
    9069
    9171
    9171
    8865
    8800
    8865
    8742
    8481
    8492
    8085
    8112
    7740
    7566
    7458
    7245
    7009
    6907
    6732
    6827
    6504
    6430
    6214
    5986
    5842
    5680
    5560
    5415
    5106
    5099
    4973
    4755
    4614
    4541
    4314
    4239
    4176
    4103
    3962
    3849
    3723
    3635
    3506
    3498
    3411
    3387
    3254
    3079
    3144
    3034
    2939
    3037
    2919
    3027
    2963
    2961
    2947
    2877
    2781
    2637
    2442
    2400
    2225
    2141
    2031
    2094
    1935
    1852
    1813
    1760
    1798
    1728
    1735
    1663
    1686
    1625
    1587
    1540
    1503
    1456
    1396
    1414
    1274
    1310
    1289
    1287
    1247
    1290
    1268
    1207
    1270
    1215
    1244
    1155
    1109
    1101
    1130
    1041
     970
     871
     918
     877
     843
     829
     788
     790
     768
     743
     717
     689
     703
     727
     703
     707
     701
     674
     677
     676
     680
     628
     686
     614
     556
     577
     643
     643
     620
     582
     599
     562
     540
     546
     572
     535
     538
     566
     498
     508
     534
     545
     507
     488
     523
     524
     511
     511
     505
     500
     465
     473
     472
     436
     446
     452
     415
     443
     412
     424
     440
     437
     415
     433
     417
     429
     434
     473
     455
     455
     506
     437
     487
     497
     430
     484
     450
     451
     455
     456
     422
     434
     443
     393
     362
     383
     334
     339
     337
     349
     313
     293
     292
     262
     270
     285
     260
     277
     272
     267
     242
     264
     296
     233
     284
     262
     246
     256
     263
     239
     246
     247
     267
     252
     253
     265
     267
     270
     259
     241
     265
     239
     273
     241
     251
     276
     227
     248
     270
     239
     237
     244
     222
     233
     203
     195
     231
     234
     205
     251
     202
     219
     215
     225
     208
     212
     206
     212
     210
     198
     179
     195
     174
     213
     206
     213
     199
     204
     226
     203
     208
     209
     222
     191
     205
     174
     209
     224
     214
     209
     208
     216
     208
     242
     239
     249
     260
     215
     206
     215
     235
     239
     203
     242
     210
     218
     218
     210
     209
     199
     201
     229
     205
     194
     204
     199
     218
     197
     187
     190
     189
     173
     162
     174
     168
     158
     165
     161
     166
     161
     166
     141
     152
     148
     173
     161
     145
     190
     152
     159
     146
     155
     145
     149
     156
     160
     154
     185
     175
     158
     154
     159
     183
     184
     171
     158
     165
     182
     177
     173
     156
     170
     172
     187
     168
     165
     188
     142
     163
     177
     149
     173
     157
     133
     137
     130
     146
     156
     135
     157
     144
     154
     140
     143
     165
     147
      99
     141
     113
     131
     126
     106
     116
     101
     103
     103
      94
      98
      87
     100
      85
      87
     116
     110
      86
      80
      86
      77
      93
      90
      76
      85
      74
      63
      71
      66
      62
      60
      76
      67
      55
      59
      60
      60
      71
      54
      60
      70
      52
      56
      55
      56
      55
      56
      48
      65
      65
      51
      76
      65
      70
      75
      84
     102
     110
      96
     134
     139
     160
     180
     158
     240
     233
     270
     299
     257
     310
     344
     350
     357
     358
     340
     309
     382
     337
     305
     331
     332
     308
     247
     226
     218
     189
     180
     162
     133
     123
      85
      98
      70
      65
      63
      44
      51
      45
      37
      29
      26
      38
      32
      41
      34
      31
      26
      38
      29
      35
      23
      25
      34
      23
      24
      25
      28
      20
      35
      25
      23
      24
      21
      28
      24
      19
      28
      19
      30
      23
      23
      25
      21
      29
      25
      19
      17
      18
      22
      18
      19
      16
      17
      18
      21
      23
      23
      13
      23
      26
      24
      26
      22
      24
      22
      21
      20
      22
      28
      33
      21
      23
      21
      31
      28
      20
      25
      24
      28
      28
      26
      33
      27
      21
      24
      27
      24
      23
      16
      15
      19
      18
      11
      14
      18
      11
      17
      23
      20
      13
      13
      22
      21
      14
      19
      12
      13
      12
      21
      22
      22
       9
      14
       9
      12
      11
      10
      14
      20
      18
      26
       7
      16
      13
      13
      17
      14
      17
      11
      14
      14
      14
       5
      19
      15
      12
      16
       4
      16
       7
      11
      13
      11
      15
      18
      10
      16
       7
      14
       7
      13
      11
      12
      11
      14
      11
      15
      16
      10
      14
       9
      15
       8
      16
      18
       9
      14
      20
       9
      14
      14
      17
      17
      20
      15
      28
      20
      19
      21
      24
      15
      12
      16
      22
      16
      21
      16
      14
      16
      26
      15
      12
      12
      11
      21
      18
      25
      15
      21
      17
      11
      18
      12
      19
      19
      18
      12
      16
      17
      14
      24
      12
      15
      13
      15
      16
      14
      10
      12
      12
      13
      11
      14
      13
      14
      16
       9
      10
       9
      16
      14
      17
       7
       8
      17
      11
       6
      11
       7
       8
       9
      10
      11
      14
       8
      13
       7
      11
      10
      14
      11
       8
       7
      10
      10
      10
      11
       9
       5
       7
       4
      11
       6
       7
       4
       6
       3
       4
       9
       5
       6
       9
       8
      12
       8
       4
       4
       3
       5
       1
       5
       4
       5
       6
       4
       3
       5
       3
       4
       3
       2
       3
       7
       5
       7
       4
       5
       8
       7
       5
       9
      10
      11
      17
       5
      10
       9
      15
      16
      10
      19
      19
      20
      25
      10
      29
      21
      21
      26
      29
      26
      15
      31
      31
      20
      24
      23
      20
      24
      19
      24
      13
      10
       7
       8
      11
       7
      10
      12
       9
      11
       3
       8
       4
       4
       3
       2
       4
       2
       2
       2
       1
       1
       0
       1
       1
       2
       2
       1
       3
       2
       1
       0
       0
       2
       1
       2
       1
       0
       1
       1
       3
       1
       2
       3
       2
       1
       0
       2
       0
       1
       0
       1
       3
       1
       1
       1
       1
       0
       0
       0
       0
       0
       0
       0
       1
       1
       0
       0
       1
       0
       0
       1
       0
       0
       1
       0
       0
       1
       0
       1
       0
       2
       0
       0
       2
       0
       0
       1
       0
       0
       1
       0
       0
       1
       0
       0
       1
       1
       1
       1
       0
       1
       0
       0
       0
       0
       1
       0
       1
       2
       0
       0
       0
       2
       0
       0
       1
       0
       0
       0
       0
       0
       0
       0
       3
       2
       1
       2
       0
       1
       0
       2
       0
       0
       0
       0
       0
       0
       0
       0
       0
       0
       1
       0
       0
       0
       1
       0
       0
       0
       1
       1
       0
       0
       0
       0
       1
       1
       0
       0
       0
       1
       1
       1
       1
       1
       2
       0
       0
       0
       0
       0
       0
       0
       0
       0
       0
       0
       0
       0
       0
       0
       0
       0
       0
       0
       0
       0
       1
       0
       1
       0
       0
       1
       0
       1
       0
       0
       0
       1
       0
       0
       0
       0
       0
       0
       1
       0
       0
       0
       0
$ROI:
2
16 27
435 497
$PRESETS:
Live Time
2700
0
$ENER_FIT:
-11.426213 3.169478
$MCA_CAL:
3
-1.142621E+001 3.169478E+000 0.000000E+000 keV
$SHAPE_CAL:
3
8.996625E+000 2.588119E-002 0.000000E+000
